   0.0010000000      1.0000000   0.0062831853   -0.039478418      6.2829373
   0.0020000000     0.99996052    0.012566123   -0.078952939      6.2824412
   0.0030000000     0.99988157    0.018848564    -0.11842201      6.2816972
   0.0040000000     0.99976315    0.025130261    -0.15788406      6.2807052
   0.0050000000     0.99960526    0.031410966    -0.19733755      6.2794655
   0.0060000000     0.99940793    0.037690432    -0.23678092      6.2779780
   0.0070000000     0.99917114    0.043968410    -0.27621261      6.2762428
   0.0080000000     0.99889493    0.050244652    -0.31563107      6.2742600
   0.0090000000     0.99857930    0.056518912    -0.35503475      6.2720298
    0.010000000     0.99822427    0.062790942    -0.39442209      6.2695522
    0.011000000     0.99782984    0.069060494    -0.43379154      6.2668274
    0.012000000     0.99739605    0.075327322    -0.47314155      6.2638556
    0.013000000     0.99692291    0.081591177    -0.51247058      6.2606368
    0.014000000     0.99641044    0.087851814    -0.55177707      6.2571712
    0.015000000     0.99585866    0.094108985    -0.59105948      6.2534590
    0.016000000     0.99526760     0.10036244    -0.63031626      6.2495003
    0.017000000     0.99463729     0.10661194    -0.66954588      6.2452954
    0.018000000     0.99396774     0.11285724    -0.70874678      6.2408445
    0.019000000     0.99325899     0.11909808    -0.74791743      6.2361477
    0.020000000     0.99251108     0.12533423    -0.78705629      6.2312052
    0.021000000     0.99172402     0.13156544    -0.82616182      6.2260174
    0.022000000     0.99089786     0.13779145    -0.86523248      6.2205843
    0.023000000     0.99003263     0.14401204    -0.90426674      6.2149063
    0.024000000     0.98912836     0.15022695    -0.94326307      6.2089836
    0.025000000     0.98818510     0.15643593    -0.98221993      6.2028165
    0.026000000     0.98720288     0.16263875     -1.0211358      6.1964052
    0.027000000     0.98618174     0.16883515     -1.0600092      6.1897501
    0.028000000     0.98512173     0.17502490     -1.0988385      6.1828513
    0.029000000     0.98402289     0.18120775     -1.1376222      6.1757093
    0.030000000     0.98288527     0.18738346     -1.1763589      6.1683243
    0.031000000     0.98170891     0.19355179     -1.2150469      6.1606967
    0.032000000     0.98049387     0.19971248     -1.2536848      6.1528267
    0.033000000     0.97924018     0.20586531     -1.2922711      6.1447147
    0.034000000     0.97794791     0.21201002     -1.3308043      6.1363611
    0.035000000     0.97661711     0.21814638     -1.3692827      6.1277661
    0.036000000     0.97524782     0.22427415     -1.4077051      6.1189303
    0.037000000     0.97384012     0.23039308     -1.4460697      6.1098539
    0.038000000     0.97239405     0.23650294     -1.4843752      6.1005374
    0.039000000     0.97090967     0.24260347     -1.5226200      6.0909810
    0.040000000     0.96938705     0.24869445     -1.5608027      6.0811853
    0.041000000     0.96782625     0.25477564     -1.5989217      6.0711507
    0.042000000     0.96622733     0.26084679     -1.6369756      6.0608775
    0.043000000     0.96459035     0.26690767     -1.6749628      6.0503662
    0.044000000     0.96291539     0.27295803     -1.7128819      6.0396173
    0.045000000     0.96120251     0.27899765     -1.7507314      6.0286311
    0.046000000     0.95945178     0.28502628     -1.7885098      6.0174082
    0.047000000     0.95766327     0.29104369     -1.8262157      6.0059490
    0.048000000     0.95583705     0.29704964     -1.8638476      5.9942540
    0.049000000     0.95397320     0.30304389     -1.9014039      5.9823237
    0.050000000     0.95207180     0.30902622     -1.9388833      5.9701585
    0.051000000     0.95013292     0.31499638     -1.9762843      5.9577590
    0.052000000     0.94815663     0.32095413     -2.0136054      5.9451257
    0.053000000     0.94614303     0.32689926     -2.0508451      5.9322591
    0.054000000     0.94409218     0.33283152     -2.0880021      5.9191597
    0.055000000     0.94200418     0.33875068     -2.1250748      5.9058281
    0.056000000     0.93987910     0.34465651     -2.1620619      5.8922649
    0.057000000     0.93771704     0.35054877     -2.1989618      5.8784705
    0.058000000     0.93551808     0.35642724     -2.2357731      5.8644456
    0.059000000     0.93328231     0.36229169     -2.2724945      5.8501907
    0.060000000     0.93100981     0.36814188     -2.3091244      5.8357064
    0.061000000     0.92870069     0.37397758     -2.3456615      5.8209933
    0.062000000     0.92635503     0.37979858     -2.3821043      5.8060520
    0.063000000     0.92397292     0.38560463     -2.4184514      5.7908832
    0.064000000     0.92155447     0.39139551     -2.4547015      5.7754873
    0.065000000     0.91909977     0.39717100     -2.4908530      5.7598652
    0.066000000     0.91660892     0.40293087     -2.5269045      5.7440173
    0.067000000     0.91408201     0.40867488     -2.5628548      5.7279444
    0.068000000     0.91151916     0.41440283     -2.5987023      5.7116471
    0.069000000     0.90892046     0.42011447     -2.6344457      5.6951260
    0.070000000     0.90628601     0.42580960     -2.6700837      5.6783819
    0.071000000     0.90361593     0.43148798     -2.7056147      5.6614154
    0.072000000     0.90091031     0.43714940     -2.7410374      5.6442272
    0.073000000     0.89816927     0.44279362     -2.7763506      5.6268179
    0.074000000     0.89539292     0.44842044     -2.8115527      5.6091884
    0.075000000     0.89258137     0.45402963     -2.8466424      5.5913393
    0.076000000     0.88973473     0.45962097     -2.8816184      5.5732714
    0.077000000     0.88685311     0.46519424     -2.9164793      5.5549853
    0.078000000     0.88393663     0.47074923     -2.9512237      5.5364818
    0.079000000     0.88098541     0.47628571     -2.9858503      5.5177616
    0.080000000     0.87799956     0.48180347     -3.0203578      5.4988256
    0.081000000     0.87497920     0.48730230     -3.0547448      5.4796744
    0.082000000     0.87192445     0.49278197     -3.0890101      5.4603089
    0.083000000     0.86883544     0.49824228     -3.1231521      5.4407298
    0.084000000     0.86571229     0.50368301     -3.1571697      5.4209379
    0.085000000     0.86255512     0.50910395     -3.1910615      5.4009340
    0.086000000     0.85936406     0.51450488     -3.2248263      5.3807189
    0.087000000     0.85613923     0.51988560     -3.2584626      5.3602934
    0.088000000     0.85288077     0.52524589     -3.2919692      5.3396584
    0.089000000     0.84958880     0.53058555     -3.3253449      5.3188146
    0.090000000     0.84626346     0.53590437     -3.3585882      5.2977630
    0.091000000     0.84290487     0.54120213     -3.3916980      5.2765043
    0.092000000     0.83951317     0.54647863     -3.4246729      5.2550393
    0.093000000     0.83608850     0.55173367     -3.4575117      5.2333691
    0.094000000     0.83263099     0.55696704     -3.4902131      5.2114943
    0.095000000     0.82914077     0.56217854     -3.5227758      5.1894160
    0.096000000     0.82561800     0.56736795     -3.5551986      5.1671349
    0.097000000     0.82206280     0.57253509     -3.5874802      5.1446520
    0.098000000     0.81847532     0.57767974     -3.6196194      5.1219682
    0.099000000     0.81485570     0.58280171     -3.6516149      5.0990843
     0.10000000     0.81120408     0.58790079     -3.6834655      5.0760013
     0.10100000     0.80752062     0.59297679     -3.7151700      5.0527201
     0.10200000     0.80380545     0.59802951     -3.7467272      5.0292417
     0.10300000     0.80005872     0.60305875     -3.7781357      5.0055669
     0.10400000     0.79628059     0.60806432     -3.8093945      4.9816968
     0.10500000     0.79247119     0.61304602     -3.8405023      4.9576321
     0.10600000     0.78863069     0.61800365     -3.8714579      4.9333741
     0.10700000     0.78475923     0.62293702     -3.9022601      4.9089234
     0.10800000     0.78085697     0.62784595     -3.9329078      4.8842813
     0.10900000     0.77692406     0.63273023     -3.9633997      4.8594486
     0.11000000     0.77296066     0.63758968     -3.9937346      4.8344263
     0.11100000     0.76896693     0.64242410     -4.0239115      4.8092154
     0.11200000     0.76494302     0.64723332     -4.0539291      4.7838169
     0.11300000     0.76088909     0.65201714     -4.0837863      4.7582318
     0.11400000     0.75680530     0.65677537     -4.1134819      4.7324612
     0.11500000     0.75269182     0.66150783     -4.1430148      4.7065060
     0.11600000     0.74854881     0.66621434     -4.1723839      4.6803673
     0.11700000     0.74437642     0.67089470     -4.2015880      4.6540461
     0.11800000     0.74017483     0.67554875     -4.2306259      4.6275435
     0.11900000     0.73594421     0.68017629     -4.2594967      4.6008605
     0.12000000     0.73168471     0.68477715     -4.2881991      4.5739982
     0.12100000     0.72739651     0.68935115     -4.3167321      4.5469576
     0.12200000     0.72307978     0.69389811     -4.3450946      4.5197397
     0.12300000     0.71873469     0.69841785     -4.3732854      4.4923458
     0.12400000     0.71436140     0.70291019     -4.4013035      4.4647768
     0.12500000     0.70996010     0.70737497     -4.4291478      4.4370339
     0.12600000     0.70553095     0.71181200     -4.4568173      4.4091180
     0.12700000     0.70107413     0.71622112     -4.4843109      4.3810305
     0.12800000     0.69658982     0.72060215     -4.5116275      4.3527722
     0.12900000     0.69207819     0.72495493     -4.5387660      4.3243445
     0.13000000     0.68753943     0.72927927     -4.5657255      4.2957483
     0.13100000     0.68297370     0.73357502     -4.5925049      4.2669848
     0.13200000     0.67838120     0.73784200     -4.6191032      4.2380552
     0.13300000     0.67376209     0.74208006     -4.6455193      4.2089606
     0.13400000     0.66911657     0.74628902     -4.6717522      4.1797020
     0.13500000     0.66444482     0.75046872     -4.6978010      4.1502808
     0.13600000     0.65974702     0.75461900     -4.7236646      4.1206980
     0.13700000     0.65502336     0.75873970     -4.7493420      4.0909548
     0.13800000     0.65027401     0.76283065     -4.7748323      4.0610524
     0.13900000     0.64549918     0.76689171     -4.8001345      4.0309919
     0.14000000     0.64069905     0.77092270     -4.8252475      4.0007746
     0.14100000     0.63587380     0.77492347     -4.8501705      3.9704016
     0.14200000     0.63102363     0.77889388     -4.8749025      3.9398740
     0.14300000     0.62614873     0.78283375     -4.8994425      3.9091932
     0.14400000     0.62124928     0.78674294     -4.9237896      3.8783604
     0.14500000     0.61632549     0.79062130     -4.9479429      3.8473766
     0.14600000     0.61137755     0.79446868     -4.9719014      3.8162432
     0.14700000     0.60640565     0.79828492     -4.9956642      3.7849613
     0.14800000     0.60140999     0.80206988     -5.0192304      3.7535322
     0.14900000     0.59639076     0.80582342     -5.0425991      3.7219572
     0.15000000     0.59134816     0.80954537     -5.0657694      3.6902374
     0.15100000     0.58628239     0.81323561     -5.0887405      3.6583741
     0.15200000     0.58119365     0.81689398     -5.1115114      3.6263686
     0.15300000     0.57608214     0.82052035     -5.1340813      3.5942221
     0.15400000     0.57094805     0.82411458     -5.1564492      3.5619358
     0.15500000     0.56579160     0.82767651     -5.1786145      3.5295111
     0.15600000     0.56061299     0.83120602     -5.2005761      3.4969492
     0.15700000     0.55541241     0.83470297     -5.2223333      3.4642513
     0.15800000     0.55019008     0.83816722     -5.2438852      3.4314188
     0.15900000     0.54494620     0.84159864     -5.2652310      3.3984530
     0.16000000     0.53968096     0.84499709     -5.2863700      3.3653550
     0.16100000     0.53439459     0.84836245     -5.3073012      3.3321263
     0.16200000     0.52908729     0.85169458     -5.3280238      3.2987681
     0.16300000     0.52375927     0.85499334     -5.3485372      3.2652818
     0.16400000     0.51841073     0.85825863     -5.3688405      3.2316686
     0.16500000     0.51304189     0.86149029     -5.3889329      3.1979298
     0.16600000     0.50765296     0.86468822     -5.4088136      3.1640668
     0.16700000     0.50224415     0.86785229     -5.4284820      3.1300809
     0.16800000     0.49681566     0.87098237     -5.4479372      3.0959734
     0.16900000     0.49136773     0.87407835     -5.4671785      3.0617456
     0.17000000     0.48590055     0.87714009     -5.4862052      3.0273989
     0.17100000     0.48041434     0.88016749     -5.5050165      2.9929347
     0.17200000     0.47490933     0.88316042     -5.5236118      2.9583542
     0.17300000     0.46938571     0.88611878     -5.5419902      2.9236589
     0.17400000     0.46384372     0.88904244     -5.5601512      2.8888500
     0.17500000     0.45828357     0.89193129     -5.5780940      2.8539289
     0.17600000     0.45270548     0.89478522     -5.5958179      2.8188971
     0.17700000     0.44710966     0.89760411     -5.6133223      2.7837558
     0.17800000     0.44149634     0.90038787     -5.6306065      2.7485064
     0.17900000     0.43586573     0.90313638     -5.6476698      2.7131503
     0.18000000     0.43021806     0.90584953     -5.6645116      2.6776890
     0.18100000     0.42455355     0.90852722     -5.6811312      2.6421236
     0.18200000     0.41887242     0.91116934     -5.6975281      2.6064558
     0.18300000     0.41317489     0.91377579     -5.7137015      2.5706867
     0.18400000     0.40746119     0.91634648     -5.7296508      2.5348179
     0.18500000     0.40173154     0.91888130     -5.7453756      2.4988507
     0.18600000     0.39598616     0.92138015     -5.7608750      2.4627866
     0.18700000     0.39022529     0.92384294     -5.7761487      2.4266268
     0.18800000     0.38444914     0.92626956     -5.7911959      2.3903730
     0.18900000     0.37865794     0.92865994     -5.8060161      2.3540263
     0.19000000     0.37285193     0.93101396     -5.8206088      2.3175883
     0.19100000     0.36703132     0.93333155     -5.8349733      2.2810604
     0.19200000     0.36119635     0.93561261     -5.8491092      2.2444441
     0.19300000     0.35534724     0.93785706     -5.8630159      2.2077406
     0.19400000     0.34948422     0.94006480     -5.8766928      2.1709515
     0.19500000     0.34360753     0.94223575     -5.8901395      2.1340781
     0.19600000     0.33771739     0.94436983     -5.9033554      2.0971220
     0.19700000     0.33181403     0.94646695     -5.9163401      2.0600846
     0.19800000     0.32589769     0.94852703     -5.9290930      2.0229672
     0.19900000     0.31996860     0.95055000     -5.9416136      1.9857714
     0.20000000     0.31402699     0.95253577     -5.9539015      1.9484986
     0.20100000     0.30807308     0.95448427     -5.9659562      1.9111501
     0.20200000     0.30210713     0.95639542     -5.9777773      1.8737276
     0.20300000     0.29612935     0.95826915     -5.9893643      1.8362324
     0.20400000     0.29013999     0.96010538     -6.0007167      1.7986660
     0.20500000     0.28413927     0.96190405     -6.0118341      1.7610299
     0.20600000     0.27812744     0.96366508     -6.0227162      1.7233254
     0.20700000     0.27210472     0.96538840     -6.0333624      1.6855542
     0.20800000     0.26607136     0.96707396     -6.0437724      1.6477176
     0.20900000     0.26002759     0.96872167     -6.0539458      1.6098171
     0.21000000     0.25397364     0.97033149     -6.0638821      1.5718542
     0.21100000     0.24790976     0.97190334     -6.0735811      1.5338303
     0.21200000     0.24183618     0.97343717     -6.0830424      1.4957470
     0.21300000     0.23575313     0.97493292     -6.0922655      1.4576057
     0.21400000     0.22966087     0.97639053     -6.1012502      1.4194078
     0.21500000     0.22355962     0.97780993     -6.1099960      1.3811550
     0.21600000     0.21744962     0.97919109     -6.1185028      1.3428486
     0.21700000     0.21133112     0.98053394     -6.1267700      1.3044902
     0.21800000     0.20520435     0.98183843     -6.1347975      1.2660812
     0.21900000     0.19906955     0.98310451     -6.1425849      1.2276231
     0.22000000     0.19292697     0.98433213     -6.1501319      1.1891174
     0.22100000     0.18677684     0.98552125     -6.1574383      1.1505656
     0.22200000     0.18061940     0.98667182     -6.1645037      1.1119693
     0.22300000     0.17445489     0.98778378     -6.1713279      1.0733298
     0.22400000     0.16828357     0.98885711     -6.1779107      1.0346488
     0.22500000     0.16210565     0.98989176     -6.1842517     0.99592762
     0.22600000     0.15592140     0.99088769     -6.1903507     0.95716786
     0.22700000     0.14973105     0.99184486     -6.1962076     0.91837101
     0.22800000     0.14353484     0.99276323     -6.2018220     0.87953857
     0.22900000     0.13733302     0.99364277     -6.2071938     0.84067203
     0.23000000     0.13112583     0.99448344     -6.2123228     0.80177292
     0.23100000     0.12491351     0.99528521     -6.2172088     0.76284274
     0.23200000     0.11869630     0.99604806     -6.2218515     0.72388299
     0.23300000     0.11247445     0.99677194     -6.2262508     0.68489519
     0.23400000     0.10624819     0.99745683     -6.2304066     0.64588085
     0.23500000     0.10001779     0.99810272     -6.2343186     0.60684148
     0.23600000    0.093783470     0.99870956     -6.2379868     0.56777860
     0.23700000    0.087545483     0.99927734     -6.2414110     0.52869371
     0.23800000    0.081304072     0.99980603     -6.2445911     0.48958833
     0.23900000    0.075059481      1.0002956     -6.2475268     0.45046399
     0.24000000    0.068811954      1.0007461     -6.2502183     0.41132218
     0.24100000    0.062561736      1.0011574     -6.2526652     0.37216444
     0.24200000    0.056309070      1.0015296     -6.2548676     0.33299228
     0.24300000    0.050054203      1.0018626     -6.2568253     0.29380722
     0.24400000    0.043797377      1.0021564     -6.2585383     0.25461077
     0.24500000    0.037538839      1.0024110     -6.2600065     0.21540445
     0.24600000    0.031278833      1.0026264     -6.2612299     0.17618979
     0.24700000    0.025017603      1.0028026     -6.2622084     0.13696830
     0.24800000    0.018755394      1.0029395     -6.2629420    0.097741500
     0.24900000    0.012492452      1.0030373     -6.2634306    0.058510916
     0.25000000   0.0062290218      1.0030958     -6.2636742    0.019278064
     0.25100000 -3.4652384E-05      1.0031151     -6.2636728   -0.019955535
     0.25200000  -0.0062983252      1.0030951     -6.2634265   -0.059188360
     0.25300000   -0.012561752      1.0030359     -6.2629352   -0.098418892
     0.25400000   -0.018824687      1.0029375     -6.2621989    -0.13764561
     0.25500000   -0.025086886      1.0027999     -6.2612177    -0.17686699
     0.25600000   -0.031348103      1.0026230     -6.2599916    -0.21608153
     0.25700000   -0.037608095      1.0024069     -6.2585207    -0.25528768
     0.25800000   -0.043866616      1.0021516     -6.2568050    -0.29448395
     0.25900000   -0.050123421      1.0018571     -6.2548445    -0.33366881
     0.26000000   -0.056378265      1.0015235     -6.2526395    -0.37284073
     0.26100000   -0.062630905      1.0011506     -6.2501898    -0.41199821
     0.26200000   -0.068881095      1.0007386     -6.2474957    -0.45113972
     0.26300000   -0.075128590      1.0002875     -6.2445572    -0.49026375
     0.26400000   -0.081373148     0.99979723     -6.2413745    -0.52936878
     0.26500000   -0.087614522     0.99926786     -6.2379476    -0.56845330
     0.26600000   -0.093852470     0.99869941     -6.2342767    -0.60751579
     0.26700000    -0.10008675     0.99809189     -6.2303619    -0.64655474
     0.26800000    -0.10631711     0.99744534     -6.2262035    -0.68556863
     0.26900000    -0.11254331     0.99675977     -6.2218014    -0.72455596
     0.27000000    -0.11876511     0.99603521     -6.2171560    -0.76351520
     0.27100000    -0.12498227     0.99527170     -6.2122674    -0.80244486
     0.27200000    -0.13119454     0.99446925     -6.2071357    -0.84134341
     0.27300000    -0.13740167     0.99362791     -6.2017612    -0.88020936
     0.27400000    -0.14360343     0.99274770     -6.1961441    -0.91904120
     0.27500000    -0.14979958     0.99182866     -6.1902846    -0.95783741
     0.27600000    -0.15598986     0.99087082     -6.1841829    -0.99659651
     0.27700000    -0.16217405     0.98987423     -6.1778392     -1.0353170
     0.27800000    -0.16835188     0.98883891     -6.1712538     -1.0739973
     0.27900000    -0.17452314     0.98776491     -6.1644269     -1.1126360
     0.28000000    -0.18068756     0.98665228     -6.1573588     -1.1512316
     0.28100000    -0.18684492     0.98550104     -6.1500498     -1.1897826
     0.28200000    -0.19299497     0.98431126     -6.1425001     -1.2282874
     0.28300000    -0.19913747     0.98308297     -6.1347100     -1.2667446
     0.28400000    -0.20527218     0.98181623     -6.1266799     -1.3051528
     0.28500000    -0.21139886     0.98051108     -6.1184100     -1.3435103
     0.28600000    -0.21751727     0.97916757     -6.1099006     -1.3818158
     0.28700000    -0.22362717     0.97778575     -6.1011521     -1.4200676
     0.28800000    -0.22972833     0.97636568     -6.0921648     -1.4582645
     0.28900000    -0.23582049     0.97490742     -6.0829390     -1.4964048
     0.29000000    -0.24190343     0.97341101     -6.0734752     -1.5344870
     0.29100000    -0.24797691     0.97187653     -6.0637736     -1.5725098
     0.29200000    -0.25404068     0.97030402     -6.0538346     -1.6104716
     0.29300000    -0.26009451     0.96869355     -6.0436586     -1.6483710
     0.29400000    -0.26613817     0.96704517     -6.0332460     -1.6862065
     0.29500000    -0.27217142     0.96535897     -6.0225972     -1.7239765
     0.29600000    -0.27819401     0.96363499     -6.0117125     -1.7616797
     0.29700000    -0.28420573     0.96187331     -6.0005925     -1.7993146
     0.29800000    -0.29020632     0.96007400     -5.9892375     -1.8368798
     0.29900000    -0.29619556     0.95823712     -5.9776480     -1.8743737
     0.30000000    -0.30217321     0.95636274     -5.9658243     -1.9117949
     0.30100000    -0.30813903     0.95445095     -5.9537670     -1.9491419
     0.30200000    -0.31409280     0.95250181     -5.9414766     -1.9864134
     0.30300000    -0.32003427     0.95051539     -5.9289534     -2.0236078
     0.30400000    -0.32596323     0.94849179     -5.9161980     -2.0607237
     0.30500000    -0.33187942     0.94643106     -5.9032108     -2.0977597
     0.30600000    -0.33778264     0.94433330     -5.8899923     -2.1347143
     0.30700000    -0.34367263     0.94219859     -5.8765431     -2.1715861
     0.30800000    -0.34954917     0.94002700     -5.8628637     -2.2083736
     0.30900000    -0.35541203     0.93781863     -5.8489545     -2.2450755
     0.31000000    -0.36126099     0.93557355     -5.8348161     -2.2816902
     0.31100000    -0.36709581     0.93329186     -5.8204491     -2.3182165
     0.31200000    -0.37291625     0.93097365     -5.8058539     -2.3546528
     0.31300000    -0.37872211     0.92861899     -5.7910313     -2.3909977
     0.31400000    -0.38451314     0.92622800     -5.7759816     -2.4272499
     0.31500000    -0.39028912     0.92380075     -5.7607055     -2.4634078
     0.31600000    -0.39604983     0.92133734     -5.7452036     -2.4994702
     0.31700000    -0.40179503     0.91883787     -5.7294764     -2.5354355
     0.31800000    -0.40752451     0.91630243     -5.7135247     -2.5713025
     0.31900000    -0.41323803     0.91373113     -5.6973488     -2.6070696
     0.32000000    -0.41893538     0.91112406     -5.6809496     -2.6427356
     0.32100000    -0.42461633     0.90848133     -5.6643276     -2.6782989
     0.32200000    -0.43028066     0.90580303     -5.6474834     -2.7137583
     0.32300000    -0.43592814     0.90308927     -5.6304178     -2.7491124
     0.32400000    -0.44155856     0.90034016     -5.6131312     -2.7843597
     0.32500000    -0.44717169     0.89755580     -5.5956245     -2.8194989
     0.32600000    -0.45276731     0.89473630     -5.5778982     -2.8545287
     0.32700000    -0.45834521     0.89188177     -5.5599531     -2.8894476
     0.32800000    -0.46390517     0.88899232     -5.5417899     -2.9242543
     0.32900000    -0.46944696     0.88606807     -5.5234091     -2.9589475
     0.33000000    -0.47497036     0.88310912     -5.5048116     -2.9935257
     0.33100000    -0.48047518     0.88011559     -5.4859980     -3.0279877
     0.33200000    -0.48596117     0.87708761     -5.4669691     -3.0623321
     0.33300000    -0.49142814     0.87402527     -5.4477255     -3.0965575
     0.33400000    -0.49687587     0.87092872     -5.4282681     -3.1306626
     0.33500000    -0.50230414     0.86779805     -5.4085976     -3.1646462
     0.33600000    -0.50771273     0.86463341     -5.3887146     -3.1985067
     0.33700000    -0.51310145     0.86143490     -5.3686201     -3.2322431
     0.33800000    -0.51847007     0.85820266     -5.3483147     -3.2658538
     0.33900000    -0.52381838     0.85493680     -5.3277992     -3.2993377
     0.34000000    -0.52914618     0.85163747     -5.3070744     -3.3326933
     0.34100000    -0.53445326     0.84830477     -5.2861411     -3.3659194
     0.34200000    -0.53973940     0.84493885     -5.2650001     -3.3990147
     0.34300000    -0.54500440     0.84153984     -5.2436522     -3.4319780
     0.34400000    -0.55024805     0.83810786     -5.2220982     -3.4648078
     0.34500000    -0.55547015     0.83464305     -5.2003390     -3.4975029
     0.34600000    -0.56067049     0.83114555     -5.1783754     -3.5300621
     0.34700000    -0.56584886     0.82761549     -5.1562082     -3.5624841
     0.34800000    -0.57100507     0.82405300     -5.1338382     -3.5947675
     0.34900000    -0.57613891     0.82045824     -5.1112664     -3.6269112
     0.35000000    -0.58125018     0.81683132     -5.0884936     -3.6589139
     0.35100000    -0.58633867     0.81317241     -5.0655206     -3.6907743
     0.35200000    -0.59140419     0.80948164     -5.0423484     -3.7224911
     0.35300000    -0.59644654     0.80575915     -5.0189778     -3.7540632
     0.35400000    -0.60146552     0.80200508     -4.9954098     -3.7854893
     0.35500000    -0.60646093     0.79821959     -4.9716452     -3.8167681
     0.35600000    -0.61143257     0.79440282     -4.9476849     -3.8478985
     0.35700000    -0.61638026     0.79055493     -4.9235298     -3.8788792
     0.35800000    -0.62130379     0.78667605     -4.8991810     -3.9097090
     0.35900000    -0.62620297     0.78276634     -4.8746393     -3.9403866
     0.36000000    -0.63107761     0.77882595     -4.8499056     -3.9709109
     0.36100000    -0.63592751     0.77485504     -4.8249809     -4.0012807
     0.36200000    -0.64075249     0.77085376     -4.7998662     -4.0314948
     0.36300000    -0.64555236     0.76682226     -4.7745625     -4.0615520
     0.36400000    -0.65032692     0.76276071     -4.7490706     -4.0914511
     0.36500000    -0.65507599     0.75866926     -4.7233916     -4.1211910
     0.36600000    -0.65979938     0.75454807     -4.6975265     -4.1507704
     0.36700000    -0.66449691     0.75039730     -4.6714762     -4.1801883
     0.36800000    -0.66916839     0.74621711     -4.6452418     -4.2094433
     0.36900000    -0.67381363     0.74200767     -4.6188242     -4.2385345
     0.37000000    -0.67843245     0.73776913     -4.5922245     -4.2674606
     0.37100000    -0.68302468     0.73350167     -4.5654437     -4.2962206
     0.37200000    -0.68759012     0.72920545     -4.5384829     -4.3248132
     0.37300000    -0.69212860     0.72488064     -4.5113430     -4.3532374
     0.37400000    -0.69663995     0.72052740     -4.4840251     -4.3814920
     0.37500000    -0.70112397     0.71614591     -4.4565303     -4.4095759
     0.37600000    -0.70558050     0.71173633     -4.4288596     -4.4374880
     0.37700000    -0.71000936     0.70729885     -4.4010140     -4.4652273
     0.37800000    -0.71441038     0.70283362     -4.3729947     -4.4927925
     0.37900000    -0.71878337     0.69834083     -4.3448027     -4.5201827
     0.38000000    -0.72312817     0.69382064     -4.3164392     -4.5473967
     0.38100000    -0.72744461     0.68927325     -4.2879051     -4.5744335
     0.38200000    -0.73173252     0.68469881     -4.2592017     -4.6012920
     0.38300000    -0.73599172     0.68009752     -4.2303299     -4.6279711
     0.38400000    -0.74022205     0.67546955     -4.2012910     -4.6544698
     0.38500000    -0.74442334     0.67081508     -4.1720860     -4.6807870
     0.38600000    -0.74859543     0.66613429     -4.1427160     -4.7069218
     0.38700000    -0.75273814     0.66142737     -4.1131823     -4.7328729
     0.38800000    -0.75685132     0.65669450     -4.0834858     -4.7586395
     0.38900000    -0.76093481     0.65193586     -4.0536279     -4.7842205
     0.39000000    -0.76498844     0.64715164     -4.0236095     -4.8096149
     0.39100000    -0.76901205     0.64234202     -3.9934320     -4.8348217
     0.39200000    -0.77300548     0.63750720     -3.9630963     -4.8598399
     0.39300000    -0.77696858     0.63264736     -3.9326038     -4.8846684
     0.39400000    -0.78090118     0.62776269     -3.9019556     -4.9093064
     0.39500000    -0.78480314     0.62285339     -3.8711529     -4.9337528
     0.39600000    -0.78867429     0.61791963     -3.8401968     -4.9580066
     0.39700000    -0.79251448     0.61296163     -3.8090885     -4.9820669
     0.39800000    -0.79632357     0.60797956     -3.7778293     -5.0059328
     0.39900000    -0.80010140     0.60297363     -3.7464204     -5.0296033
     0.40000000    -0.80384782     0.59794403     -3.7148629     -5.0530773
     0.40100000    -0.80756269     0.59289095     -3.6831581     -5.0763541
     0.40200000    -0.81124584     0.58781459     -3.6513073     -5.0994327
     0.40300000    -0.81489715     0.58271516     -3.6193116     -5.1223122
     0.40400000    -0.81851646     0.57759285     -3.5871722     -5.1449915
     0.40500000    -0.82210364     0.57244786     -3.5548905     -5.1674700
     0.40600000    -0.82565853     0.56728039     -3.5224677     -5.1897465
     0.40700000    -0.82918099     0.56209064     -3.4899050     -5.2118204
     0.40800000    -0.83267090     0.55687882     -3.4572036     -5.2336906
     0.40900000    -0.83612810     0.55164513     -3.4243649     -5.2553563
     0.41000000    -0.83955247     0.54638977     -3.3913902     -5.2768166
     0.41100000    -0.84294386     0.54111296     -3.3582806     -5.2980707
     0.41200000    -0.84630214     0.53581489     -3.3250375     -5.3191178
     0.41300000    -0.84962718     0.53049577     -3.2916621     -5.3399569
     0.41400000    -0.85291884     0.52515581     -3.2581559     -5.3605872
     0.41500000    -0.85617699     0.51979522     -3.2245199     -5.3810080
     0.41600000    -0.85940151     0.51441422     -3.1907556     -5.4012184
     0.41700000    -0.86259227     0.50901300     -3.1568643     -5.4212176
     0.41800000    -0.86574913     0.50359178     -3.1228472     -5.4410047
     0.41900000    -0.86887198     0.49815078     -3.0887058     -5.4605790
     0.42000000    -0.87196069     0.49269020     -3.0544412     -5.4799398
     0.42100000    -0.87501513     0.48721026     -3.0200549     -5.4990862
     0.42200000    -0.87803518     0.48171117     -2.9855482     -5.5180174
     0.42300000    -0.88102073     0.47619315     -2.9509224     -5.5367327
     0.42400000    -0.88397165     0.47065642     -2.9161788     -5.5552313
     0.42500000    -0.88688783     0.46510119     -2.8813189     -5.5735126
     0.42600000    -0.88976915     0.45952768     -2.8463439     -5.5915757
     0.42700000    -0.89261549     0.45393610     -2.8112552     -5.6094199
     0.42800000    -0.89542675     0.44832668     -2.7760542     -5.6270445
     0.42900000    -0.89820280     0.44269964     -2.7407422     -5.6444488
     0.43000000    -0.90094355     0.43705519     -2.7053207     -5.6616321
     0.43100000    -0.90364887     0.43139356     -2.6697909     -5.6785936
     0.43200000    -0.90631866     0.42571496     -2.6341543     -5.6953328
     0.43300000    -0.90895281     0.42001963     -2.5984123     -5.7118489
     0.43400000    -0.91155122     0.41430778     -2.5625662     -5.7281413
     0.43500000    -0.91411379     0.40857964     -2.5266175     -5.7442092
     0.43600000    -0.91664041     0.40283543     -2.4905675     -5.7600521
     0.43700000    -0.91913098     0.39707538     -2.4544176     -5.7756692
     0.43800000    -0.92158539     0.39129971     -2.4181693     -5.7910601
     0.43900000    -0.92400356     0.38550865     -2.3818239     -5.8062239
     0.44000000    -0.92638539     0.37970242     -2.3453830     -5.8211602
     0.44100000    -0.92873077     0.37388126     -2.3088478     -5.8358682
     0.44200000    -0.93103962     0.36804540     -2.2722198     -5.8503475
     0.44300000    -0.93331184     0.36219505     -2.2355004     -5.8645974
     0.44400000    -0.93554734     0.35633045     -2.1986911     -5.8786172
     0.44500000    -0.93774603     0.35045183     -2.1617933     -5.8924066
     0.44600000    -0.93990782     0.34455943     -2.1248085     -5.9059648
     0.44700000    -0.94203263     0.33865346     -2.0877381     -5.9192913
     0.44800000    -0.94412037     0.33273417     -2.0505834     -5.9323857
     0.44900000    -0.94617095     0.32680179     -2.0133461     -5.9452472
     0.45000000    -0.94818430     0.32085654     -1.9760274     -5.9578755
     0.45100000    -0.95016033     0.31489866     -1.9386290     -5.9702699
     0.45200000    -0.95209895     0.30892839     -1.9011522     -5.9824301
     0.45300000    -0.95400011     0.30294596     -1.8635985     -5.9943554
     0.45400000    -0.95586370     0.29695161     -1.8259694     -6.0060453
     0.45500000    -0.95768967     0.29094556     -1.7882663     -6.0174995
     0.45600000    -0.95947794     0.28492806     -1.7504908     -6.0287174
     0.45700000    -0.96122843     0.27889935     -1.7126442     -6.0396986
     0.45800000    -0.96294108     0.27285965     -1.6747281     -6.0504425
     0.45900000    -0.96461580     0.26680920     -1.6367439     -6.0609488
     0.46000000    -0.96625255     0.26074826     -1.5986932     -6.0712169
     0.46100000    -0.96785124     0.25467704     -1.5605774     -6.0812466
     0.46200000    -0.96941182     0.24859579     -1.5223980     -6.0910373
     0.46300000    -0.97093422     0.24250475     -1.4841566     -6.1005887
     0.46400000    -0.97241837     0.23640417     -1.4458545     -6.1099003
     0.46500000    -0.97386423     0.23029427     -1.4074933     -6.1189717
     0.46600000    -0.97527172     0.22417529     -1.3690745     -6.1278026
     0.46700000    -0.97664079     0.21804749     -1.3305997     -6.1363926
     0.46800000    -0.97797139     0.21191110     -1.2920702     -6.1447414
     0.46900000    -0.97926346     0.20576636     -1.2534877     -6.1528485
     0.47000000    -0.98051695     0.19961351     -1.2148536     -6.1607136
     0.47100000    -0.98173181     0.19345280     -1.1761695     -6.1683364
     0.47200000    -0.98290798     0.18728446     -1.1374368     -6.1757166
     0.47300000    -0.98404541     0.18110874     -1.0986571     -6.1828538
     0.47400000    -0.98514407     0.17492589     -1.0598319     -6.1897477
     0.47500000    -0.98620390     0.16873614     -1.0209628     -6.1963981
     0.47600000    -0.98722486     0.16253974    -0.98205118     -6.2028046
     0.47700000    -0.98820692     0.15633694    -0.94309866     -6.2089670
     0.47800000    -0.98915001     0.15012797    -0.90410674     -6.2148850
     0.47900000    -0.99005412     0.14391309    -0.86507696     -6.2205583
     0.48000000    -0.99091920     0.13769253    -0.82601085     -6.2259867
     0.48100000    -0.99174521     0.13146654    -0.78690995     -6.2311700
     0.48200000    -0.99253212     0.12523537    -0.74777579     -6.2361078
     0.48300000    -0.99327989     0.11899926    -0.70860991     -6.2408001
     0.48400000    -0.99398850     0.11275846    -0.66941385     -6.2452465
     0.48500000    -0.99465792     0.10651322    -0.63018915     -6.2494469
     0.48600000    -0.99528811     0.10026377    -0.59093735     -6.2534011
     0.48700000    -0.99587904    0.094010369    -0.55165999     -6.2571088
     0.48800000    -0.99643070    0.087753260    -0.51235863     -6.2605700
     0.48900000    -0.99694306    0.081492690    -0.47303481     -6.2637844
     0.49000000    -0.99741610    0.075228906    -0.43369007     -6.2667519
     0.49100000    -0.99784979    0.068962154    -0.39432596     -6.2694724
     0.49200000    -0.99824411    0.062692681    -0.35494404     -6.2719457
     0.49300000    -0.99859906    0.056420736    -0.31554585     -6.2741717
     0.49400000    -0.99891460    0.050146564    -0.27613295     -6.2761503
     0.49500000    -0.99919074    0.043870414    -0.23670689     -6.2778813
     0.49600000    -0.99942744    0.037592532    -0.19726922     -6.2793647
     0.49700000    -0.99962471    0.031313167    -0.15782150     -6.2806004
     0.49800000    -0.99978253    0.025032567    -0.11836529     -6.2815883
     0.49900000    -0.99990090    0.018750979   -0.078902133     -6.2823284
     0.50000000    -0.99997980    0.012468650   -0.039433596     -6.2828205
     0.50100000     -1.0000192   0.0061858297  3.8767705E-05     -6.2830647
     0.50200000     -1.0000192 -9.7234968E-05    0.039513399     -6.2830608
     0.50300000    -0.99997968  -0.0063802958    0.078988741     -6.2828090
     0.50400000    -0.99990069   -0.012663105     0.11846323     -6.2823091
     0.50500000    -0.99978223   -0.018945414     0.15793532     -6.2815611
     0.50600000    -0.99962430   -0.025226975     0.19740344     -6.2805650
     0.50700000    -0.99942689   -0.031507540     0.23686603     -6.2793210
     0.50800000    -0.99919003   -0.037786861     0.27632153     -6.2778289
     0.50900000    -0.99891371   -0.044064690     0.31576839     -6.2760888
     0.51000000    -0.99859794   -0.050340779     0.35520505     -6.2741007
     0.51100000    -0.99824273   -0.056614879     0.39462994     -6.2718647
     0.51200000    -0.99784810   -0.062886744     0.43404150     -6.2693809
     0.51300000    -0.99741406   -0.069156125     0.47343818     -6.2666493
     0.51400000    -0.99694062   -0.075422774     0.51281842     -6.2636701
     0.51500000    -0.99642780   -0.081686444     0.55218066     -6.2604432
     0.51600000    -0.99587562   -0.087946887     0.59152333     -6.2569688
     0.51700000    -0.99528410   -0.094203856     0.63084489     -6.2532470
     0.51800000    -0.99465325    -0.10045710     0.67014377     -6.2492779
     0.51900000    -0.99398311    -0.10670638     0.70941842     -6.2450617
     0.52000000    -0.99327369    -0.11295144     0.74866728     -6.2405984
     0.52100000    -0.99252503    -0.11919204     0.78788879     -6.2358883
     0.52200000    -0.99173714    -0.12542793     0.82708140     -6.2309315
     0.52300000    -0.99091006    -0.13165886     0.86624356     -6.2257282
     0.52400000    -0.99004381    -0.13788459     0.90537371     -6.2202785
     0.52500000    -0.98913844    -0.14410487     0.94447030     -6.2145826
     0.52600000    -0.98819397    -0.15031945     0.98353178     -6.2086408
     0.52700000    -0.98721044    -0.15652809      1.0225566     -6.2024531
     0.52800000    -0.98618788    -0.16273054      1.0615432     -6.1960200
     0.52900000    -0.98512634    -0.16892656      1.1004901     -6.1893415
     0.53000000    -0.98402585    -0.17511591      1.1393956     -6.1824179
     0.53100000    -0.98288645    -0.18129832      1.1782583     -6.1752495
     0.53200000    -0.98170819    -0.18747357      1.2170766     -6.1678365
     0.53300000    -0.98049112    -0.19364141      1.2558489     -6.1601792
     0.53400000    -0.97923527    -0.19980159      1.2945738     -6.1522778
     0.53500000    -0.97794069    -0.20595387      1.3332496     -6.1441327
     0.53600000    -0.97660744    -0.21209800      1.3718749     -6.1357441
     0.53700000    -0.97523557    -0.21823374      1.4104481     -6.1271124
     0.53800000    -0.97382512    -0.22436086      1.4489677     -6.1182378
     0.53900000    -0.97237615    -0.23047909      1.4874321     -6.1091207
     0.54000000    -0.97088872    -0.23658821      1.5258398     -6.0997615
     0.54100000    -0.96936288    -0.24268798      1.5641893     -6.0901603
     0.54200000    -0.96779869    -0.24877814      1.6024790     -6.0803178
     0.54300000    -0.96619621    -0.25485845      1.6407075     -6.0702340
     0.54400000    -0.96455550    -0.26092869      1.6788731     -6.0599096
     0.54500000    -0.96287663    -0.26698860      1.7169744     -6.0493448
     0.54600000    -0.96115966    -0.27303794      1.7550099     -6.0385400
     0.54700000    -0.95940465    -0.27907648      1.7929781     -6.0274956
     0.54800000    -0.95761167    -0.28510398      1.8308773     -6.0162121
     0.54900000    -0.95578079    -0.29112019      1.8687062     -6.0046898
     0.55000000    -0.95391209    -0.29712488      1.9064632     -5.9929293
     0.55100000    -0.95200562    -0.30311781      1.9441468     -5.9809308
     0.55200000    -0.95006148    -0.30909874      1.9817555     -5.9686950
     0.55300000    -0.94807972    -0.31506743      2.0192878     -5.9562222
     0.55400000    -0.94606043    -0.32102366      2.0567422     -5.9435129
     0.55500000    -0.94400369    -0.32696717      2.0941172     -5.9305676
     0.55600000    -0.94190957    -0.33289774      2.1314113     -5.9173868
     0.55700000    -0.93977816    -0.33881512      2.1686230     -5.9039710
     0.55800000    -0.93760954    -0.34471910      2.2057509     -5.8903207
     0.55900000    -0.93540379    -0.35060942      2.2427934     -5.8764364
     0.56000000    -0.93316099    -0.35648585      2.2797491     -5.8623186
     0.56100000    -0.93088125    -0.36234817      2.3166164     -5.8479678
     0.56200000    -0.92856463    -0.36819614      2.3533940     -5.8333847
     0.56300000    -0.92621123    -0.37402952      2.3900803     -5.8185698
     0.56400000    -0.92382115    -0.37984809      2.4266739     -5.8035236
     0.56500000    -0.92139448    -0.38565162      2.4631733     -5.7882467
     0.56600000    -0.91893131    -0.39143986      2.4995770     -5.7727397
     0.56700000    -0.91643173    -0.39721260      2.5358837     -5.7570031
     0.56800000    -0.91389585    -0.40296961      2.5720918     -5.7410377
     0.56900000    -0.91132375    -0.40871064      2.6081998     -5.7248439
     0.57000000    -0.90871555    -0.41443549      2.6442064     -5.7084225
     0.57100000    -0.90607135    -0.42014391      2.6801101     -5.6917740
     0.57200000    -0.90339124    -0.42583568      2.7159095     -5.6748991
     0.57300000    -0.90067533    -0.43151058      2.7516031     -5.6577984
     0.57400000    -0.89792373    -0.43716838      2.7871895     -5.6404726
     0.57500000    -0.89513654    -0.44280885      2.8226672     -5.6229224
     0.57600000    -0.89231387    -0.44843178      2.8580349     -5.6051484
     0.57700000    -0.88945583    -0.45403693      2.8932911     -5.5871513
     0.57800000    -0.88656254    -0.45962408      2.9284344     -5.5689318
     0.57900000    -0.88363411    -0.46519301      2.9634634     -5.5504906
     0.58000000    -0.88067065    -0.47074350      2.9983767     -5.5318285
     0.58100000    -0.87767227    -0.47627533      3.0331729     -5.5129461
     0.58200000    -0.87463910    -0.48178827      3.0678506     -5.4938442
     0.58300000    -0.87157125    -0.48728212      3.1024083     -5.4745234
     0.58400000    -0.86846884    -0.49275664      3.1368448     -5.4549847
     0.58500000    -0.86533199    -0.49821163      3.1711586     -5.4352286
     0.58600000    -0.86216083    -0.50364685      3.2053484     -5.4152561
     0.58700000    -0.85895549    -0.50906211      3.2394127     -5.3950678
     0.58800000    -0.85571607    -0.51445718      3.2733502     -5.3746645
     0.58900000    -0.85244272    -0.51983184      3.3071596     -5.3540471
     0.59000000    -0.84913556    -0.52518589      3.3408394     -5.3332163
     0.59100000    -0.84579472    -0.53051911      3.3743884     -5.3121729
     0.59200000    -0.84242033    -0.53583128      3.4078051     -5.2909178
     0.59300000    -0.83901253    -0.54112220      3.4410883     -5.2694518
     0.59400000    -0.83557144    -0.54639165      3.4742365     -5.2477757
     0.59500000    -0.83209720    -0.55163942      3.5072485     -5.2258904
     0.59600000    -0.82858996    -0.55686531      3.5401229     -5.2037967
     0.59700000    -0.82504983    -0.56206911      3.5728584     -5.1814954
     0.59800000    -0.82147698    -0.56725061      3.6054537     -5.1589876
     0.59900000    -0.81787152    -0.57240959      3.6379075     -5.1362739
     0.60000000    -0.81423361    -0.57754587      3.6702184     -5.1133554
     0.60100000    -0.81056340    -0.58265922      3.7023852     -5.0902329
     0.60200000    -0.80686101    -0.58774946      3.7344065     -5.0669073
     0.60300000    -0.80312660    -0.59281636      3.7662811     -5.0433795
     0.60400000    -0.79936032    -0.59785974      3.7980077     -5.0196505
     0.60500000    -0.79556231    -0.60287939      3.8295850     -4.9957211
     0.60600000    -0.79173273    -0.60787512      3.8610117     -4.9715924
     0.60700000    -0.78787172    -0.61284671      3.8922865     -4.9472652
     0.60800000    -0.78397943    -0.61779397      3.9234083     -4.9227405
     0.60900000    -0.78005602    -0.62271671      3.9543757     -4.8980193
     0.61000000    -0.77610165    -0.62761473      3.9851875     -4.8731025
     0.61100000    -0.77211646    -0.63248783      4.0158425     -4.8479912
     0.61200000    -0.76810062    -0.63733583      4.0463393     -4.8226863
     0.61300000    -0.76405428    -0.64215851      4.0766768     -4.7971887
     0.61400000    -0.75997760    -0.64695570      4.1068538     -4.7714996
     0.61500000    -0.75587075    -0.65172720      4.1368690     -4.7456199
     0.61600000    -0.75173388    -0.65647282      4.1667212     -4.7195506
     0.61700000    -0.74756716    -0.66119237      4.1964093     -4.6932927
     0.61800000    -0.74337075    -0.66588566      4.2259319     -4.6668474
     0.61900000    -0.73914482    -0.67055251      4.2552880     -4.6402155
     0.62000000    -0.73488953    -0.67519273      4.2844763     -4.6133983
     0.62100000    -0.73060505    -0.67980613      4.3134956     -4.5863967
     0.62200000    -0.72629156    -0.68439252      4.3423448     -4.5592117
     0.62300000    -0.72194921    -0.68895173      4.3710227     -4.5318446
     0.62400000    -0.71757819    -0.69348358      4.3995282     -4.5042962
     0.62500000    -0.71317866    -0.69798787      4.4278601     -4.4765679
     0.62600000    -0.70875080    -0.70246444      4.4560172     -4.4486605
     0.62700000    -0.70429478    -0.70691310      4.4839984     -4.4205753
     0.62800000    -0.69981079    -0.71133368      4.5118026     -4.3923133
     0.62900000    -0.69529898    -0.71572599      4.5394286     -4.3638756
     0.63000000    -0.69075955    -0.72008987      4.5668754     -4.3352634
     0.63100000    -0.68619268    -0.72442513      4.5941417     -4.3064779
     0.63200000    -0.68159854    -0.72873161      4.6212266     -4.2775201
     0.63300000    -0.67697731    -0.73300913      4.6481289     -4.2483911
     0.63400000    -0.67232918    -0.73725752      4.6748475     -4.2190922
     0.63500000    -0.66765433    -0.74147661      4.7013814     -4.1896245
     0.63600000    -0.66295295    -0.74566624      4.7277294     -4.1599892
     0.63700000    -0.65822522    -0.74982623      4.7538905     -4.1301874
     0.63800000    -0.65347133    -0.75395641      4.7798636     -4.1002204
     0.63900000    -0.64869147    -0.75805663      4.8056478     -4.0700892
     0.64000000    -0.64388582    -0.76212672      4.8312418     -4.0397952
     0.64100000    -0.63905458    -0.76616652      4.8566448     -4.0093394
     0.64200000    -0.63419793    -0.77017586      4.8818556     -3.9787232
     0.64300000    -0.62931608    -0.77415458      4.9068732     -3.9479476
     0.64400000    -0.62440921    -0.77810253      4.9316967     -3.9170141
     0.64500000    -0.61947751    -0.78201954      4.9563250     -3.8859236
     0.64600000    -0.61452118    -0.78590547      4.9807571     -3.8546776
     0.64700000    -0.60954043    -0.78976014      5.0049921     -3.8232773
     0.64800000    -0.60453543    -0.79358342      5.0290288     -3.7917238
     0.64900000    -0.59950641    -0.79737514      5.0528665     -3.7600185
     0.65000000    -0.59445354    -0.80113516      5.0765040     -3.7281626
     0.65100000    -0.58937704    -0.80486333      5.0999405     -3.6961573
     0.65200000    -0.58427710    -0.80855948      5.1231749     -3.6640040
     0.65300000    -0.57915392    -0.81222349      5.1462064     -3.6317039
     0.65400000    -0.57400771    -0.81585519      5.1690340     -3.5992584
     0.65500000    -0.56883868    -0.81945445      5.1916568     -3.5666686
     0.65600000    -0.56364702    -0.82302112      5.2140738     -3.5339359
     0.65700000    -0.55843295    -0.82655505      5.2362842     -3.5010616
     0.65800000    -0.55319666    -0.83005611      5.2582870     -3.4680470
     0.65900000    -0.54793838    -0.83352416      5.2800814     -3.4348934
     0.66000000    -0.54265830    -0.83695906      5.3016664     -3.4016022
     0.66100000    -0.53735663    -0.84036066      5.3230412     -3.3681746
     0.66200000    -0.53203359    -0.84372883      5.3442049     -3.3346120
     0.66300000    -0.52668938    -0.84706344      5.3651566     -3.3009157
     0.66400000    -0.52132423    -0.85036436      5.3858955     -3.2670872
     0.66500000    -0.51593833    -0.85363145      5.4064208     -3.2331276
     0.66600000    -0.51053191    -0.85686457      5.4267316     -3.1990384
     0.66700000    -0.50510518    -0.86006361      5.4468271     -3.1648210
     0.66800000    -0.49965835    -0.86322843      5.4667065     -3.1304767
     0.66900000    -0.49419165    -0.86635891      5.4863689     -3.0960068
     0.67000000    -0.48870528    -0.86945492      5.5058136     -3.0614128
     0.67100000    -0.48319946    -0.87251633      5.5250398     -3.0266960
     0.67200000    -0.47767442    -0.87554303      5.5440466     -2.9918578
     0.67300000    -0.47213038    -0.87853488      5.5628334     -2.9568996
     0.67400000    -0.46656754    -0.88149178      5.5813993     -2.9218228
     0.67500000    -0.46098614    -0.88441361      5.5997436     -2.8866288
     0.67600000    -0.45538640    -0.88730024      5.6178655     -2.8513191
     0.67700000    -0.44976854    -0.89015155      5.6357643     -2.8158949
     0.67800000    -0.44413277    -0.89296745      5.6534393     -2.7803578
     0.67900000    -0.43847933    -0.89574781      5.6708898     -2.7447091
     0.68000000    -0.43280844    -0.89849252      5.6881150     -2.7089503
     0.68100000    -0.42712033    -0.90120147      5.7051142     -2.6730828
     0.68200000    -0.42141521    -0.90387455      5.7218868     -2.6371080
     0.68300000    -0.41569333    -0.90651166      5.7384321     -2.6010274
     0.68400000    -0.40995489    -0.90911268      5.7547493     -2.5648425
     0.68500000    -0.40420014    -0.91167753      5.7708379     -2.5285546
     0.68600000    -0.39842931    -0.91420608      5.7866971     -2.4921652
     0.68700000    -0.39264261    -0.91669825      5.8023263     -2.4556758
     0.68800000    -0.38684028    -0.91915392      5.8177249     -2.4190878
     0.68900000    -0.38102256    -0.92157301      5.8328923     -2.3824028
     0.69000000    -0.37518967    -0.92395541      5.8478278     -2.3456221
     0.69100000    -0.36934184    -0.92630103      5.8625308     -2.3087472
     0.69200000    -0.36347931    -0.92860978      5.8770008     -2.2717797
     0.69300000    -0.35760231    -0.93088156      5.8912371     -2.2347209
     0.69400000    -0.35171107    -0.93311628      5.9052391     -2.1975725
     0.69500000    -0.34580583    -0.93531386      5.9190063     -2.1603358
     0.69600000    -0.33988682    -0.93747419      5.9325381     -2.1230123
     0.69700000    -0.33395429    -0.93959720      5.9458340     -2.0856037
     0.69800000    -0.32800845    -0.94168281      5.9588934     -2.0481113
     0.69900000    -0.32204956    -0.94373092      5.9717158     -2.0105366
     0.70000000    -0.31607784    -0.94574145      5.9843007     -1.9728812
     0.70100000    -0.31009354    -0.94771434      5.9966475     -1.9351466
     0.70200000    -0.30409689    -0.94964948      6.0087558     -1.8973343
     0.70300000    -0.29808814    -0.95154682      6.0206250     -1.8594457
     0.70400000    -0.29206751    -0.95340626      6.0322547     -1.8214825
     0.70500000    -0.28603526    -0.95522775      6.0436444     -1.7834461
     0.70600000    -0.27999161    -0.95701119      6.0547936     -1.7453381
     0.70700000    -0.27393682    -0.95875653      6.0657019     -1.7071600
     0.70800000    -0.26787112    -0.96046369      6.0763688     -1.6689134
     0.70900000    -0.26179475    -0.96213260      6.0867939     -1.6305996
     0.71000000    -0.25570796    -0.96376320      6.0969768     -1.5922204
     0.71100000    -0.24961098    -0.96535542      6.1069170     -1.5537772
     0.71200000    -0.24350406    -0.96690920      6.1166142     -1.5152717
     0.71300000    -0.23738745    -0.96842447      6.1260679     -1.4767052
     0.71400000    -0.23126138    -0.96990118      6.1352777     -1.4380794
     0.71500000    -0.22512610    -0.97133926      6.1442434     -1.3993958
     0.71600000    -0.21898186    -0.97273865      6.1529644     -1.3606560
     0.71700000    -0.21282889    -0.97409931      6.1614405     -1.3218616
     0.71800000    -0.20666745    -0.97542117      6.1696714     -1.2830140
     0.71900000    -0.20049778    -0.97670418      6.1776566     -1.2441149
     0.72000000    -0.19432013    -0.97794830      6.1853958     -1.2051658
     0.72100000    -0.18813473    -0.97915346      6.1928888     -1.1661683
     0.72200000    -0.18194184    -0.98031963      6.2001353     -1.1271239
     0.72300000    -0.17574171    -0.98144676      6.2071348     -1.0880342
     0.72400000    -0.16953457    -0.98253479      6.2138872     -1.0489008
     0.72500000    -0.16332068    -0.98358369      6.2203922     -1.0097253
     0.72600000    -0.15710029    -0.98459342      6.2266494    -0.97050913
     0.72700000    -0.15087364    -0.98556393      6.2326587    -0.93125400
     0.72800000    -0.14464098    -0.98649518      6.2384199    -0.89196146
     0.72900000    -0.13840256    -0.98738714      6.2439325    -0.85263307
     0.73000000    -0.13215863    -0.98823977      6.2491966    -0.81327041
     0.73100000    -0.12590943    -0.98905304      6.2542117    -0.77387507
     0.73200000    -0.11965522    -0.98982692      6.2589778    -0.73444863
     0.73300000    -0.11339625    -0.99056137      6.2634946    -0.69499267
     0.73400000    -0.10713275    -0.99125636      6.2677619    -0.65550878
     0.73500000    -0.10086499    -0.99191187      6.2717796    -0.61599855
     0.73600000   -0.094593209    -0.99252787      6.2755475    -0.57646356
     0.73700000   -0.088317662    -0.99310433      6.2790654    -0.53690540
     0.73800000   -0.082038596    -0.99364124      6.2823333    -0.49732566
     0.73900000   -0.075756263    -0.99413856      6.2853509    -0.45772593
     0.74000000   -0.069470912    -0.99459629      6.2881181    -0.41810781
     0.74100000   -0.063182794    -0.99501440      6.2906349    -0.37847288
     0.74200000   -0.056892159    -0.99539287      6.2929012    -0.33882274
     0.74300000   -0.050599258    -0.99573169      6.2949167    -0.29915898
     0.74400000   -0.044304341    -0.99603085      6.2966815    -0.25948320
     0.74500000   -0.038007660    -0.99629033      6.2981955    -0.21979699
     0.74600000   -0.031709464    -0.99651013      6.2994587    -0.18010194
     0.74700000   -0.025410005    -0.99669023      6.3004708    -0.14039966
     0.74800000   -0.019109535    -0.99683063      6.3012320    -0.10069173
     0.74900000   -0.012808303    -0.99693133      6.3017423   -0.060979753
     0.75000000  -0.0065065603    -0.99699230      6.3020014   -0.021265326
     0.75100000 -0.00020455881    -0.99701357      6.3020096    0.018449955
     0.75200000   0.0060974508    -0.99699512      6.3017667    0.058164495
     0.75300000    0.012399217    -0.99693696      6.3012728    0.097876697
     0.75400000    0.018700490    -0.99683908      6.3005279     0.13758496
     0.75500000    0.025001018    -0.99670149      6.2995320     0.17728770
     0.75600000    0.031300550    -0.99652421      6.2982851     0.21698332
     0.75700000    0.037598835    -0.99630722      6.2967874     0.25667021
     0.75800000    0.043895623    -0.99605055      6.2950389     0.29634678
     0.75900000    0.050190662    -0.99575421      6.2930396     0.33601145
     0.76000000    0.056483701    -0.99541819      6.2907897     0.37566261
     0.76100000    0.062774491    -0.99504253      6.2882891     0.41529867
     0.76200000    0.069062780    -0.99462723      6.2855381     0.45491804
     0.76300000    0.075348318    -0.99417232      6.2825368     0.49451912
     0.76400000    0.081630855    -0.99367780      6.2792852     0.53410033
     0.76500000    0.087910140    -0.99314370      6.2757834     0.57366008
     0.76600000    0.094185924    -0.99257004      6.2720318     0.61319677
     0.76700000     0.10045796    -0.99195684      6.2680303     0.65270881
     0.76800000     0.10672599    -0.99130413      6.2637792     0.69219462
     0.76900000     0.11298976    -0.99061194      6.2592786     0.73165262
     0.77000000     0.11924904    -0.98988028      6.2545287     0.77108121
     0.77100000     0.12550357    -0.98910920      6.2495297     0.81047881
     0.77200000     0.13175310    -0.98829872      6.2442818     0.84984385
     0.77300000     0.13799738    -0.98744888      6.2387853     0.88917473
     0.77400000     0.14423617    -0.98655970      6.2330403     0.92846988
     0.77500000     0.15046921    -0.98563123      6.2270471     0.96772771
     0.77600000     0.15669626    -0.98466351      6.2208059      1.0069467
     0.77700000     0.16291706    -0.98365656      6.2143170      1.0461252
     0.77800000     0.16913138    -0.98261043      6.2075806      1.0852616
     0.77900000     0.17533896    -0.98152517      6.2005971      1.1243545
     0.78000000     0.18153956    -0.98040082      6.1933667      1.1634021
     0.78100000     0.18773292    -0.97923742      6.1858897      1.2024030
     0.78200000     0.19391881    -0.97803501      6.1781664      1.2413556
     0.78300000     0.20009698    -0.97679366      6.1701972      1.2802584
     0.78400000     0.20626718    -0.97551340      6.1619823      1.3191097
     0.78500000     0.21242916    -0.97419429      6.1535221      1.3579080
     0.78600000     0.21858268    -0.97283638      6.1448169      1.3966517
     0.78700000     0.22472750    -0.97143973      6.1358671      1.4353393
     0.78800000     0.23086337    -0.97000439      6.1266731      1.4739693
     0.78900000     0.23699004    -0.96853042      6.1172352      1.5125401
     0.79000000     0.24310727    -0.96701788      6.1075538      1.5510501
     0.79100000     0.24921483    -0.96546683      6.0976294      1.5894978
     0.79200000     0.25531246    -0.96387733      6.0874622      1.6278816
     0.79300000     0.26139992    -0.96224945      6.0770528      1.6662001
     0.79400000     0.26747697    -0.96058325      6.0664016      1.7044516
     0.79500000     0.27354337    -0.95887880      6.0555089      1.7426346
     0.79600000     0.27959888    -0.95713617      6.0443753      1.7807477
     0.79700000     0.28564326    -0.95535542      6.0330012      1.8187893
     0.79800000     0.29167626    -0.95353663      6.0213871      1.8567578
     0.79900000     0.29769765    -0.95167987      6.0095334      1.8946517
     0.80000000     0.30370718    -0.94978522      5.9974406      1.9324696
     0.80100000     0.30970462    -0.94785275      5.9851092      1.9702098
     0.80200000     0.31568973    -0.94588254      5.9725397      2.0078710
     0.80300000     0.32166227    -0.94387467      5.9597327      2.0454515
     0.80400000     0.32762200    -0.94182922      5.9466886      2.0829499
     0.80500000     0.33356869    -0.93974627      5.9334080      2.1203646
     0.80600000     0.33950210    -0.93762590      5.9198915      2.1576942
     0.80700000     0.34542199    -0.93546821      5.9061395      2.1949372
     0.80800000     0.35132813    -0.93327327      5.8921526      2.2320921
     0.80900000     0.35722028    -0.93104118      5.8779315      2.2691573
     0.81000000     0.36309821    -0.92877202      5.8634767      2.3061315
     0.81100000     0.36896169    -0.92646589      5.8487887      2.3430131
     0.81200000     0.37481048    -0.92412288      5.8338682      2.3798006
     0.81300000     0.38064435    -0.92174308      5.8187158      2.4164926
     0.81400000     0.38646306    -0.91932658      5.8033322      2.4530877
     0.81500000     0.39226639    -0.91687350      5.7877178      2.4895842
     0.81600000     0.39805411    -0.91438391      5.7718734      2.5259809
     0.81700000     0.40382599    -0.91185793      5.7557997      2.5622762
     0.81800000     0.40958179    -0.90929566      5.7394972      2.5984687
     0.81900000     0.41532128    -0.90669719      5.7229667      2.6345568
     0.82000000     0.42104425    -0.90406263      5.7062087      2.6705393
     0.82100000     0.42675046    -0.90139209      5.6892241      2.7064147
     0.82200000     0.43243968    -0.89868568      5.6720135      2.7421814
     0.82300000     0.43811170    -0.89594349      5.6545775      2.7778381
     0.82400000     0.44376627    -0.89316566      5.6369170      2.8133834
     0.82500000     0.44940319    -0.89035227      5.6190325      2.8488158
     0.82600000     0.45502222    -0.88750346      5.6009249      2.8841340
     0.82700000     0.46062315    -0.88461932      5.5825950      2.9193364
     0.82800000     0.46620574    -0.88169999      5.5640433      2.9544218
     0.82900000     0.47176979    -0.87874556      5.5452707      2.9893887
     0.83000000     0.47731506    -0.87575618      5.5262780      3.0242357
     0.83100000     0.48284133    -0.87273194      5.5070659      3.0589614
     0.83200000     0.48834840    -0.86967298      5.4876352      3.0935644
     0.83300000     0.49383604    -0.86657941      5.4679868      3.1280434
     0.83400000     0.49930402    -0.86345137      5.4481213      3.1623969
     0.83500000     0.50475214    -0.86028897      5.4280396      3.1966237
     0.83600000     0.51018018    -0.85709235      5.4077426      3.2307223
     0.83700000     0.51558793    -0.85386163      5.3872310      3.2646914
     0.83800000     0.52097516    -0.85059694      5.3665057      3.2985296
     0.83900000     0.52634166    -0.84729841      5.3455676      3.3322356
     0.84000000     0.53168723    -0.84396617      5.3244174      3.3658080
     0.84100000     0.53701165    -0.84060036      5.3030560      3.3992456
     0.84200000     0.54231470    -0.83720112      5.2814844      3.4325469
     0.84300000     0.54759619    -0.83376857      5.2597034      3.4657106
     0.84400000     0.55285589    -0.83030286      5.2377139      3.4987355
     0.84500000     0.55809361    -0.82680413      5.2155167      3.5316201
     0.84600000     0.56330912    -0.82327251      5.1931128      3.5643633
     0.84700000     0.56850224    -0.81970814      5.1705030      3.5969636
     0.84800000     0.57367274    -0.81611118      5.1476884      3.6294199
     0.84900000     0.57882043    -0.81248176      5.1246698      3.6617307
     0.85000000     0.58394510    -0.80882003      5.1014482      3.6938949
     0.85100000     0.58904654    -0.80512613      5.0780245      3.7259111
     0.85200000     0.59412457    -0.80140022      5.0543996      3.7577781
     0.85300000     0.59917897    -0.79764244      5.0305746      3.7894946
     0.85400000     0.60420954    -0.79385295      5.0065504      3.8210594
     0.85500000     0.60921609    -0.79003189      4.9823279      3.8524711
     0.85600000     0.61419842    -0.78617942      4.9579081      3.8837286
     0.85700000     0.61915633    -0.78229569      4.9332921      3.9148306
     0.85800000     0.62408962    -0.77838086      4.9084809      3.9457758
     0.85900000     0.62899810    -0.77443508      4.8834754      3.9765631
     0.86000000     0.63388158    -0.77045852      4.8582766      4.0071912
     0.86100000     0.63873985    -0.76645133      4.8328857      4.0376589
     0.86200000     0.64357274    -0.76241367      4.8073035      4.0679650
     0.86300000     0.64838004    -0.75834571      4.7815312      4.0981083
     0.86400000     0.65316158    -0.75424760      4.7555698      4.1280877
     0.86500000     0.65791714    -0.75011951      4.7294203      4.1579018
     0.86600000     0.66264657    -0.74596161      4.7030838      4.1875495
     0.86700000     0.66734965    -0.74177406      4.6765615      4.2170298
     0.86800000     0.67202621    -0.73755703      4.6498542      4.2463413
     0.86900000     0.67667606    -0.73331069      4.6229632      4.2754829
     0.87000000     0.68129903    -0.72903520      4.5958896      4.3044536
     0.87100000     0.68589492    -0.72473075      4.5686343      4.3332520
     0.87200000     0.69046355    -0.72039750      4.5411986      4.3618772
     0.87300000     0.69500475    -0.71603562      4.5135835      4.3903279
     0.87400000     0.69951833    -0.71164529      4.4857901      4.4186031
     0.87500000     0.70400412    -0.70722669      4.4578197      4.4467016
     0.87600000     0.70846194    -0.70277999      4.4296732      4.4746223
     0.87700000     0.71289162    -0.69830537      4.4013519      4.5023642
     0.87800000     0.71729297    -0.69380300      4.3728569      4.5299260
     0.87900000     0.72166583    -0.68927308      4.3441893      4.5573068
     0.88000000     0.72601001    -0.68471577      4.3153504      4.5845054
     0.88100000     0.73032537    -0.68013126      4.2863412      4.6115208
     0.88200000     0.73461171    -0.67551974      4.2571630      4.6383520
     0.88300000     0.73886887    -0.67088139      4.2278169      4.6649978
     0.88400000     0.74309669    -0.66621639      4.1983041      4.6914572
     0.88500000     0.74729499    -0.66152494      4.1686258      4.7177292
     0.88600000     0.75146362    -0.65680721      4.1387833      4.7438127
     0.88700000     0.75560240    -0.65206339      4.1087776      4.7697067
     0.88800000     0.75971118    -0.64729369      4.0786101      4.7954102
     0.88900000     0.76378979    -0.64249828      4.0482819      4.8209222
     0.89000000     0.76783807    -0.63767736      4.0177943      4.8462417
     0.89100000     0.77185586    -0.63283111      3.9871485      4.8713677
     0.89200000     0.77584301    -0.62795975      3.9563457      4.8962991
     0.89300000     0.77979936    -0.62306345      3.9253872      4.9210351
     0.89400000     0.78372474    -0.61814241      3.8942743      4.9455746
     0.89500000     0.78761902    -0.61319684      3.8630081      4.9699168
     0.89600000     0.79148203    -0.60822692      3.8315900      4.9940605
     0.89700000     0.79531362    -0.60323286      3.8000212      5.0180050
     0.89800000     0.79911364    -0.59821485      3.7683029      5.0417492
     0.89900000     0.80288194    -0.59317311      3.7364366      5.0652922
     0.90000000     0.80661838    -0.58810781      3.7044234      5.0886331
     0.90100000     0.81032280    -0.58301918      3.6722646      5.1117710
     0.90200000     0.81399507    -0.57790741      3.6399616      5.1347050
     0.90300000     0.81763503    -0.57277270      3.6075157      5.1574341
     0.90400000     0.82124254    -0.56761527      3.5749280      5.1799576
     0.90500000     0.82481747    -0.56243531      3.5422001      5.2022745
     0.90600000     0.82835967    -0.55723304      3.5093331      5.2243840
     0.90700000     0.83186900    -0.55200865      3.4763284      5.2462851
     0.90800000     0.83534533    -0.54676237      3.4431873      5.2679770
     0.90900000     0.83878852    -0.54149439      3.4099113      5.2894590
     0.91000000     0.84219843    -0.53620493      3.3765015      5.3107301
     0.91100000     0.84557493    -0.53089420      3.3429593      5.3317895
     0.91200000     0.84891789    -0.52556241      3.3092862      5.3526365
     0.91300000     0.85222718    -0.52020978      3.2754834      5.3732701
     0.91400000     0.85550266    -0.51483651      3.2415523      5.3936896
     0.91500000     0.85874421    -0.50944282      3.2074943      5.4138942
     0.91600000     0.86195171    -0.50402892      3.1733108      5.4338832
     0.91700000     0.86512502    -0.49859504      3.1390031      5.4536557
     0.91800000     0.86826402    -0.49314138      3.1045725      5.4732109
     0.91900000     0.87136859    -0.48766817      3.0700206      5.4925482
     0.92000000     0.87443862    -0.48217562      3.0353486      5.5116667
     0.92100000     0.87747396    -0.47666396      3.0005580      5.5305658
     0.92200000     0.88047452    -0.47113339      2.9656501      5.5492446
     0.92300000     0.88344017    -0.46558415      2.9306264      5.5677026
     0.92400000     0.88637080    -0.46001645      2.8954882      5.5859389
     0.92500000     0.88926629    -0.45443051      2.8602371      5.6039528
     0.92600000     0.89212652    -0.44882655      2.8248743      5.6217438
     0.92700000     0.89495140    -0.44320481      2.7894013      5.6393110
     0.92800000     0.89774080    -0.43756550      2.7538196      5.6566538
     0.92900000     0.90049462    -0.43190884      2.7181305      5.6737715
     0.93000000     0.90321275    -0.42623507      2.6823355      5.6906635
     0.93100000     0.90589508    -0.42054441      2.6464360      5.7073292
     0.93200000     0.90854152    -0.41483708      2.6104335      5.7237678
     0.93300000     0.91115195    -0.40911331      2.5743294      5.7399788
     0.93400000     0.91372628    -0.40337333      2.5381251      5.7559615
     0.93500000     0.91626441    -0.39761737      2.5018221      5.7717154
     0.93600000     0.91876623    -0.39184566      2.4654219      5.7872397
     0.93700000     0.92123165    -0.38605842      2.4289259      5.8025340
     0.93800000     0.92366058    -0.38025588      2.3923356      5.8175977
     0.93900000     0.92605291    -0.37443829      2.3556524      5.8324301
     0.94000000     0.92840857    -0.36860586      2.3188778      5.8470307
     0.94100000     0.93072744    -0.36275883      2.2820133      5.8613989
     0.94200000     0.93300946    -0.35689743      2.2450603      5.8755343
     0.94300000     0.93525452    -0.35102189      2.2080203      5.8894362
     0.94400000     0.93746254    -0.34513246      2.1708949      5.9031042
     0.94500000     0.93963343    -0.33922935      2.1336854      5.9165377
     0.94600000     0.94176712    -0.33331281      2.0963934      5.9297361
     0.94700000     0.94386351    -0.32738308      2.0590204      5.9426991
     0.94800000     0.94592253    -0.32144038      2.0215678      5.9554262
     0.94900000     0.94794410    -0.31548495      1.9840372      5.9679167
     0.95000000     0.94992814    -0.30951704      1.9464300      5.9801703
     0.95100000     0.95187457    -0.30353687      1.9087478      5.9921866
     0.95200000     0.95378332    -0.29754468      1.8709920      6.0039649
     0.95300000     0.95565431    -0.29154071      1.8331642      6.0155050
     0.95400000     0.95748747    -0.28552521      1.7952659      6.0268064
     0.95500000     0.95928274    -0.27949840      1.7572986      6.0378686
     0.95600000     0.96104004    -0.27346053      1.7192637      6.0486913
     0.95700000     0.96275930    -0.26741184      1.6811629      6.0592741
     0.95800000     0.96444046    -0.26135257      1.6429976      6.0696164
     0.95900000     0.96608346    -0.25528295      1.6047693      6.0797181
     0.96000000     0.96768823    -0.24920323      1.5664796      6.0895786
     0.96100000     0.96925471    -0.24311366      1.5281300      6.0991976
     0.96200000     0.97078284    -0.23701446      1.4897221      6.1085749
     0.96300000     0.97227256    -0.23090588      1.4512573      6.1177099
     0.96400000     0.97372382    -0.22478817      1.4127371      6.1266024
     0.96500000     0.97513656    -0.21866157      1.3741632      6.1352521
     0.96600000     0.97651072    -0.21252632      1.3355371      6.1436587
     0.96700000     0.97784626    -0.20638266      1.2968602      6.1518217
     0.96800000     0.97914312    -0.20023084      1.2581342      6.1597410
     0.96900000     0.98040125    -0.19407110      1.2193605      6.1674163
     0.97000000     0.98162061    -0.18790368      1.1805407      6.1748473
     0.97100000     0.98280115    -0.18172883      1.1416764      6.1820336
     0.97200000     0.98394283    -0.17554680      1.1027691      6.1889752
     0.97300000     0.98504560    -0.16935782      1.0638203      6.1956716
     0.97400000     0.98610942    -0.16316215      1.0248317      6.2021227
     0.97500000     0.98713425    -0.15696003     0.98580460      6.2083282
     0.97600000     0.98812005    -0.15075170     0.94674073      6.2142879
     0.97700000     0.98906679    -0.14453741     0.90764160      6.2200017
     0.97800000     0.98997444    -0.13831741     0.86850875      6.2254693
     0.97900000     0.99084294    -0.13209194     0.82934374      6.2306905
     0.98000000     0.99167229    -0.12586125     0.79014812      6.2356651
     0.98100000     0.99246244    -0.11962559     0.75092345      6.2403930
     0.98200000     0.99321336    -0.11338519     0.71167127      6.2448740
     0.98300000     0.99392503    -0.10714032     0.67239316      6.2491080
     0.98400000     0.99459742    -0.10089121     0.63309066      6.2530948
     0.98500000     0.99523052   -0.094638118     0.59376532      6.2568343
     0.98600000     0.99582428   -0.088381284     0.55441872      6.2603264
     0.98700000     0.99637870   -0.082120957     0.51505240      6.2635710
     0.98800000     0.99689375   -0.075857386     0.47566793      6.2665679
     0.98900000     0.99736942   -0.069590818     0.43626686      6.2693171
     0.99000000     0.99780569   -0.063321501     0.39685075      6.2718185
     0.99100000     0.99820254   -0.057049683     0.35742116      6.2740720
     0.99200000     0.99855996   -0.050775611     0.31797966      6.2760775
     0.99300000     0.99887794   -0.044499533     0.27852779      6.2778351
     0.99400000     0.99915647   -0.038221698     0.23906713      6.2793446
     0.99500000     0.99939553   -0.031942354     0.19959923      6.2806061
     0.99600000     0.99959513   -0.025661748     0.16012565      6.2816194
     0.99700000     0.99975526   -0.019380128     0.12064795      6.2823847
     0.99800000     0.99987591   -0.013097743    0.081167691      6.2829019
     0.99900000     0.99995707  -0.0068148415    0.041686431      6.2831709
      1.0000000     0.99999876 -0.00053167058   0.0022057284      6.2831919
